K=128, N=256
送信: 38400, 復号誤り: 3448
FER_LR: 0.32
BER_LR: 0.08979166666666667
実行時間: 256.5578155517578

K=128, N=256
送信: 38400, 復号誤り: 4544
FER_LR: 0.4033333333333333
BER_LR: 0.11833333333333333
K=128, N=256
送信: 38400, 復号誤り: 3401
FER_LR: 0.3333333333333333
BER_LR: 0.08856770833333333
実行時間: 18.859710454940796

K=128, N=256
送信: 128000, 復号誤り: 11425
FER_LR: 0.338
BER_LR: 0.0892578125
実行時間: 64.32123184204102