K=16, N=32, P=0.06
送信: 160, LR復号誤り: 0
FER_LR: 0.0
BER_LR: 0.0
実行時間: 0.7250616550445557
K=32, N=64, P=0.06
送信: 96000, LR復号誤り: 3298
FER_LR: 0.131
BER_LR: 0.034354166666666665
実行時間: 780.9858701229095
