K=128, N=256, r=6, L=4, P=0.06
回数: 20, 送信メッセージ数: 2560, OneSCL, フレームエラー数1, ビットエラー数: 38
FER_OneSCL: 0.05
BER_OneSCL: 0.01484375
実行時間: 3.204756259918213
