K=128, N=256, r=16, threshold=72, L=4, P=0.06
回数: 20000, 送信メッセージ数: 2560000, fairTwoCRC-SCL, フレームエラー数1564, ビットエラー数: 51227
FER_UnfairTwoCRC-SCL: 0.0782
BER_UnfairTwoCRC-SCL: 0.020010546875
実行時間: 11575.547058582306
