K=128, N=256, r=16, L=4, P=0.06
回数: 20000, 送信メッセージ数: 2560000, OneSCL, フレームエラー数1689, ビットエラー数: 52761
FER_OneSCL: 0.08445
BER_OneSCL: 0.020609765625
実行時間: 5438.221581220627
