K=128, N=256, r=16, L=4, threshold=48, P=0.06
回数: 20000, 送信メッセージ数: 2560000, TwoSCL, フレームエラー数1363, ビットエラー数: 44763
FER_TwoSCL: 0.06815
BER_TwoSCL: 0.017485546875
実行時間: 31456.561907291412
