K=32, N=64
送信: 32000, W復号誤り: 5519, LR復号誤り: 5519
FER__W: 0.558
FER_LR: 0.558
BER__W: 0.17246875
BER_LR: 0.17246875
実行時間: 46.08426356315613
K=32, N=64
送信: 32000, W復号誤り: 5202, LR復号誤り: 5202
FER__W: 0.523
FER_LR: 0.523
BER__W: 0.1625625
BER_LR: 0.1625625
実行時間: 26.151026010513306
