K=128, N=256, L=8, P=0.06
送信メッセージ数: 64000, _SC復号誤り: 1231, SCL復号誤り: 351
FER__SC: 0.094
FER_SCL: 0.044
BER__SC: 0.019234375
BER_SCL: 0.005484375
実行時間: 465.24610114097595