K=179, N=256, r=6, threshold=92, L=4, P=0.02
回数: 6400, 送信メッセージ数: 1145600, SCTest, フレームエラー数127, ビットエラー数: 4417
FER_SCTest: 0.01984375
BER_SCTest: 0.003855621508379888
実行時間: 1059.8154327869415
K=179, N=256, r=6, threshold=42, L=4, P=0.02
回数: 6400, 送信メッセージ数: 1145600, SCTest, フレームエラー数132, ビットエラー数: 3858
FER_SCTest: 0.020625
BER_SCTest: 0.0033676675977653632
実行時間: 1076.6440422534943
