K=128, N=256, r=6, threshold=67, L=4, P=0.08
回数: 200, 送信メッセージ数: 25600, SCTest, フレームエラー数97, ビットエラー数: 3172
FER_SCTest: 0.485
BER_SCTest: 0.12390625
実行時間: 6.931077003479004
