K=128, N=256, r=6, threshold=67, L=1, P=0.06
回数: 5000, 送信メッセージ数: 640000, SCTest, フレームエラー数483, ビットエラー数: 12668
FER_SCTest: 0.0966
BER_SCTest: 0.01979375
実行時間: 339.9789478778839
