K=179, N=256, r=6, threshold=92, L=4, P=0.03
回数: 1000, 送信メッセージ数: 179000, SCTest, フレームエラー数110, ビットエラー数: 4578
FER_SCTest: 0.11
BER_SCTest: 0.02557541899441341
実行時間: 167.10623002052307
K=179, N=256, r=6, threshold=92, L=4, P=0.03
回数: 1000, 送信メッセージ数: 179000, SCTest, フレームエラー数116, ビットエラー数: 4678
FER_SCTest: 0.116
BER_SCTest: 0.026134078212290503
実行時間: 165.90052390098572
