K=128, N=256, r=6, threshold=67, L=4, P=0.09
回数: 500, 送信メッセージ数: 64000, SCTest, フレームエラー数326, ビットエラー数: 12188
FER_SCTest: 0.652
BER_SCTest: 0.1904375
実行時間: 15.902241945266724
K=128, N=256, r=6, threshold=67, L=4, P=0.09
回数: 500, 送信メッセージ数: 64000, SCTest, フレームエラー数192, ビットエラー数: 7799
FER_SCTest: 0.384
BER_SCTest: 0.121859375
実行時間: 73.22508025169373
