K=179, N=256, r=6, threshold=43, L=4, P=0.04
回数: 1600, 送信メッセージ数: 286400, SCTest, フレームエラー数485, ビットエラー数: 23050
FER_SCTest: 0.303125
BER_SCTest: 0.08048184357541899
実行時間: 270.41507387161255
