K=128, N=256, r=6, threshold=67, L=1, P=0.09
回数: 1000, 送信メッセージ数: 128000, SCTest, フレームエラー数538, ビットエラー数: 16964
FER_SCTest: 0.538
BER_SCTest: 0.13253125
実行時間: 46.32015585899353
