K=179, N=256, r=6, threshold=92, L=4, P=0.02
回数: 2000, 送信メッセージ数: 358000, SCTest, フレームエラー数39, ビットエラー数: 1508
FER_SCTest: 0.0195
BER_SCTest: 0.004212290502793296
実行時間: 331.2423644065857
