K=128, N=256, r=6, threshold=67, L=4, P=0.04
回数: 320000, 送信メッセージ数: 40960000, OneSCL, フレームエラー数243, ビットエラー数: 6420
FER_OneSCL: 0.000759375
BER_OneSCL: 0.00015673828125
実行時間: 38411.47503948212
