K=128, N=256, r=6, threshold=67, L=4, P=0.06
回数: 500, 送信メッセージ数: 64000, SCTest, フレームエラー数68, ビットエラー数: 1798
FER_SCTest: 0.136
BER_SCTest: 0.02809375
実行時間: 15.99078917503357
