K=128, N=256, r=6, threshold=67, L=4, P=0.07
回数: 10000, 送信メッセージ数: 1280000, K_2TwoSCL, フレームエラー数823, ビットエラー数: 26994
FER_K_2TwoSCL: 0.0823
BER_K_2TwoSCL: 0.0210890625
実行時間: 1595.2341322898865
