K=179, N=256, r=6, threshold=43, L=4, P=0.05
回数: 1000, 送信メッセージ数: 179000, SCTest, フレームエラー数600, ビットエラー数: 33754
FER_SCTest: 0.6
BER_SCTest: 0.18856983240223463
実行時間: 172.7219271659851
