K=179, N=256, r=6, threshold=42, L=4, P=0.03
回数: 1600, 送信メッセージ数: 286400, SCTest, フレームエラー数149, ビットエラー数: 5898
FER_SCTest: 0.093125
BER_SCTest: 0.020593575418994415
実行時間: 265.22383213043213
