K=179, N=256, r=6, threshold=92, L=4, P=0.04
回数: 500, 送信メッセージ数: 89500, SCTest, フレームエラー数184, ビットエラー数: 9448
FER_SCTest: 0.368
BER_SCTest: 0.10556424581005587
実行時間: 83.35338401794434
