K=179, N=256, r=6, threshold=92, L=4, P=0.01
回数: 12800, 送信メッセージ数: 2291200, SCTest, フレームエラー数6, ビットエラー数: 290
FER_SCTest: 0.00046875
BER_SCTest: 0.00012657122905027933
実行時間: 2125.2162313461304
