K=128, N=256, r=6, threshold=67, L=1, P=0.08
回数: 2000, 送信メッセージ数: 256000, SCTest, フレームエラー数732, ビットエラー数: 24031
FER_SCTest: 0.366
BER_SCTest: 0.09387109375
実行時間: 130.3437626361847
K=128, N=256, r=6, threshold=67, L=4, P=0.08
回数: 2000, 送信メッセージ数: 256000, SCTest, フレームエラー数985, ビットエラー数: 32867
FER_SCTest: 0.4925
BER_SCTest: 0.12838671875
実行時間: 56.2615807056427
